x extracted_lubricated
1.000000000000000000e+00 4.927296787146027146e-01
1.050000000000000044e+00 4.799100420460074012e-01
1.100000000000000089e+00 4.659546919265069587e-01
1.150000000000000133e+00 4.512641286340074998e-01
1.200000000000000178e+00 4.364013506081359517e-01
1.250000000000000222e+00 4.220038521001683862e-01
1.300000000000000266e+00 4.086759712351522578e-01
1.350000000000000311e+00 3.968780197320963543e-01
1.400000000000000355e+00 3.868370732368102138e-01
1.450000000000000400e+00 3.785048276709813142e-01
1.500000000000000444e+00 3.715763071779354942e-01
1.550000000000000488e+00 3.655632406990995675e-01
1.600000000000000533e+00 3.598985775251701269e-01
1.650000000000000577e+00 3.540432525455024515e-01
1.700000000000000622e+00 3.475731125077252126e-01
1.750000000000000666e+00 3.402356157254290969e-01
1.800000000000000711e+00 3.319752097133817914e-01
1.850000000000000755e+00 3.229304045387533240e-01
1.900000000000000799e+00 3.134057743410784136e-01
1.950000000000000844e+00 3.038212930855316851e-01
2.000000000000000888e+00 2.946421730684199991e-01
2.050000000000000711e+00 2.862961943383958152e-01
2.100000000000000977e+00 2.790918230775880637e-01
2.150000000000001243e+00 2.731558493948573196e-01
2.200000000000001066e+00 2.684086541468536091e-01
2.250000000000000888e+00 2.645855897482714547e-01
2.300000000000001155e+00 2.612978142017284289e-01
2.350000000000001421e+00 2.581137693161330571e-01
2.400000000000001243e+00 2.546397184911309286e-01
2.450000000000001066e+00 2.505835301746837662e-01
2.500000000000001332e+00 2.457945030594815283e-01
2.550000000000001599e+00 2.402784747675638932e-01
2.600000000000001421e+00 2.341902157259339312e-01
2.650000000000001243e+00 2.278053736574400245e-01
2.700000000000001510e+00 2.214741412484408922e-01
2.750000000000001776e+00 2.155602859840728414e-01
2.800000000000001599e+00 2.103731047209080884e-01
2.850000000000001421e+00 2.061051715810874596e-01
2.900000000000001688e+00 2.027918994679590026e-01
2.950000000000001954e+00 2.003057013946141773e-01
3.000000000000001776e+00 1.983871529845264714e-01
3.050000000000001599e+00 1.967030980267800711e-01
3.100000000000001865e+00 1.949143784147379099e-01
3.150000000000002132e+00 1.927368508594721475e-01
3.200000000000001954e+00 1.899856296086968599e-01
3.250000000000001776e+00 1.865990720037794814e-01
3.300000000000002043e+00 1.826429621732768571e-01
3.350000000000002309e+00 1.782965593626212597e-01
3.400000000000002132e+00 1.738221365963693588e-01
3.450000000000001954e+00 1.695201158373335348e-01
3.500000000000002220e+00 1.656742298333395702e-01
3.550000000000002487e+00 1.624953988432422947e-01
3.600000000000002309e+00 1.600771821667360262e-01
3.650000000000002132e+00 1.583759556103780941e-01
3.700000000000002398e+00 1.572227303105352969e-01
3.750000000000002665e+00 1.563628471080028282e-01
3.800000000000002487e+00 1.555108555222484978e-01
3.850000000000002309e+00 1.544055933120959956e-01
3.900000000000002576e+00 1.528543394559034041e-01
3.950000000000002842e+00 1.507608077720173079e-01
4.000000000000002665e+00 1.481361389410707219e-01
4.050000000000002487e+00 1.450939237246156588e-01
4.100000000000003197e+00 1.418305146001424821e-01
4.150000000000003020e+00 1.385919604589575804e-01
4.200000000000002842e+00 1.356302046703002362e-01
4.250000000000002665e+00 1.331543609649394055e-01
4.300000000000002487e+00 1.312869785960157076e-01
4.350000000000003197e+00 1.300373091106226398e-01
4.400000000000003020e+00 1.293004725804479949e-01
4.450000000000002842e+00 1.204403244560544040e-01
4.500000000000003553e+00 1.285466450574995756e-01
4.550000000000003375e+00 1.280562311311475854e-01
4.600000000000003197e+00 1.272224605412857479e-01
4.650000000000003020e+00 1.259311714806650440e-01
4.700000000000002842e+00 1.380502607116193270e-01
4.750000000000003553e+00 1.219715482685856806e-01
4.800000000000003375e+00 1.195168005322746752e-01
4.850000000000003197e+00 1.169952108089314519e-01
4.900000000000003908e+00 1.146275699580139168e-01
4.950000000000003730e+00 1.126128066819903073e-01
5.000000000000003553e+00 1.110870875545649367e-01
5.050000000000003375e+00 1.100940331997454225e-01
5.100000000000003197e+00 1.101001430586284191e-01
5.150000000000003908e+00 1.093864603380202694e-01
5.200000000000003730e+00 1.093285379743007130e-01
5.250000000000003553e+00 1.091922194656495676e-01
5.300000000000004263e+00 1.087962421205562330e-01
5.350000000000004086e+00 1.817675256903501790e-01
5.400000000000003908e+00 1.068086933924687065e-01
5.450000000000003730e+00 1.052031744985127554e-01
5.500000000000003553e+00 1.033084443250317508e-01
5.550000000000004263e+00 1.012882863044062554e-01
5.600000000000004086e+00 9.933497078191354246e-02
5.650000000000003908e+00 1.157029092536683429e-01
5.700000000000004619e+00 9.632639064224343683e-02
5.750000000000004441e+00 1.429311893184382898e-01
5.800000000000004263e+00 1.215516837315861187e-01
5.850000000000004086e+00 9.498785034021973994e-02
5.900000000000003908e+00 1.198507918148186274e-01
5.950000000000004619e+00 9.514118913104534225e-02
6.000000000000004441e+00 9.501774381740045461e-02
6.050000000000004263e+00 9.457696973391656325e-02
6.100000000000004974e+00 9.375539967742843595e-02
6.150000000000004796e+00 5.102887615977484692e-02
6.200000000000004619e+00 9.107038895488929475e-02
6.250000000000004441e+00 7.904146271702762461e-02
6.300000000000004263e+00 8.776575866434919992e-02
6.350000000000004974e+00 8.628923116981949970e-02
6.400000000000004796e+00 8.512813679764552610e-02
6.450000000000004619e+00 8.436404454354942684e-02
6.500000000000005329e+00 8.400049314636971742e-02
6.550000000000005151e+00 8.396289012884135261e-02
6.600000000000004974e+00 8.411675154164467705e-02
6.650000000000004796e+00 8.429805308354010318e-02
6.700000000000004619e+00 8.434663566334681117e-02
6.750000000000005329e+00 8.413505027670832581e-02
6.800000000000005151e+00 1.158795392941717461e-01
6.850000000000004974e+00 1.104064401296300235e-01
6.900000000000005684e+00 8.150870541491356258e-02
6.950000000000005507e+00 8.013368156000623410e-02
7.000000000000005329e+00 7.871481635042856806e-02
7.050000000000005151e+00 1.070424155042215414e-01
7.100000000000004974e+00 1.772982400555451754e-01
7.150000000000005684e+00 7.563767469104695773e-02
7.200000000000005507e+00 7.528910990165058048e-02
7.250000000000005329e+00 7.125969643960262945e-02
7.300000000000006040e+00 7.543503216599567462e-02
7.350000000000005862e+00 7.567672659994457984e-02
7.400000000000005684e+00 7.583408427851598410e-02
7.450000000000005507e+00 8.077847671603316515e-02
7.500000000000005329e+00 2.468341635363694719e-01
7.550000000000006040e+00 7.477156303891979716e-02
7.600000000000005862e+00 7.381974577897221224e-02
7.650000000000005684e+00 7.266508852711887900e-02
7.700000000000006395e+00 6.008625582001517890e-02
7.750000000000006217e+00 1.302552221640309038e-01
7.800000000000006040e+00 1.488145817252354286e-01
7.850000000000005862e+00 6.860243004689671464e-02
7.900000000000005684e+00 9.530763025832965363e-02
7.950000000000006395e+00 6.820848370098928082e-02
8.000000000000007105e+00 5.378295449999707933e-02
8.050000000000006040e+00 6.865228464630113159e-02
8.100000000000006750e+00 6.887722757180277100e-02
8.150000000000005684e+00 2.103990388309535664e-01
8.200000000000006395e+00 7.517040701745124343e-02
8.250000000000007105e+00 6.825283373261163689e-02
8.300000000000006040e+00 6.748844959654237696e-02
8.350000000000006750e+00 5.169445266230714847e-02
8.400000000000005684e+00 4.869489911501510837e-03
8.450000000000006395e+00 3.187211216235618511e-02
8.500000000000007105e+00 3.308332455661837368e-02
8.550000000000007816e+00 6.280559237880242729e-02
8.600000000000006750e+00 6.244735435076991664e-02
8.650000000000005684e+00 6.238098737529382265e-02
8.700000000000006395e+00 6.253955440491022755e-02
8.750000000000007105e+00 6.281440999076805254e-02
8.800000000000007816e+00 6.307933411158600512e-02
8.850000000000006750e+00 4.574430249737485715e-02
8.900000000000007461e+00 1.279499660511923542e-01
8.950000000000006395e+00 5.996683334829798484e-02
9.000000000000007105e+00 1.357140751226317277e-01
9.050000000000007816e+00 7.229448519221495784e-02
9.100000000000006750e+00 6.106845981721596012e-02
9.150000000000007461e+00 5.943337848373957816e-02
9.200000000000006395e+00 7.560657651678256985e-02
9.250000000000007105e+00 5.794245477226467322e-02
9.300000000000007816e+00 1.351231817585903106e-01
9.350000000000006750e+00 5.748146762242561242e-02
9.400000000000007461e+00 3.434911959009361720e-02
9.450000000000008171e+00 5.788381456543847253e-02
9.500000000000007105e+00 7.612716271512623423e-02
9.550000000000007816e+00 5.836042152160083457e-02
9.600000000000008527e+00 5.836423934617441384e-02
9.650000000000007461e+00 3.373113894034557997e-02
9.700000000000008171e+00 6.281784436616574818e-02
9.750000000000007105e+00 5.693768239174692297e-02
9.800000000000007816e+00 4.998526274791378898e-02
9.850000000000008527e+00 5.522147683718378608e-02
9.900000000000007461e+00 8.924689574858706009e-02
9.950000000000008171e+00 1.063537720348557702e-01
1.000000000000000711e+01 5.342209912102778568e-02
1.005000000000000782e+01 5.330389641979031701e-02
1.010000000000000853e+01 4.128674108216504046e-02
1.015000000000000746e+01 5.366382363448181370e-02
1.020000000000000817e+01 3.475394912830976485e-02
1.025000000000000888e+01 5.418521954926078243e-02
1.030000000000000782e+01 5.425422979990186106e-02
1.035000000000000853e+01 6.981368304528885738e-02
1.040000000000000924e+01 8.997294497776331390e-02
1.045000000000000817e+01 2.620952292331008709e-02
1.050000000000000888e+01 3.806401637850730796e-02
1.055000000000000782e+01 1.098226270214894967e-01
1.060000000000000853e+01 5.083198792930547494e-02
1.065000000000000924e+01 5.022828790670920418e-02
1.070000000000000817e+01 4.397482544432902707e-02
1.075000000000000888e+01 1.612945311951462513e-01
1.080000000000000782e+01 3.719614223705263595e-02
1.085000000000000853e+01 5.194097108005612390e-02
1.090000000000000924e+01 5.030505333130418782e-02
1.095000000000000817e+01 7.648275952764746477e-02
1.100000000000000888e+01 5.330112882010293318e-02
1.105000000000000959e+01 5.059672123296251461e-02
1.110000000000000853e+01 3.035293291373149238e-02
1.115000000000000924e+01 5.202438111306365021e-02
1.120000000000000995e+01 4.913389697629014924e-02
1.125000000000000888e+01 4.355171107055130081e-02
1.130000000000000959e+01 1.674460801860244152e-01
1.135000000000000853e+01 4.711252592282656748e-02
1.140000000000000924e+01 7.096218949241503426e-02
1.145000000000000995e+01 1.434930344063167773e-01
1.150000000000000888e+01 6.061453104648971413e-02
1.155000000000000959e+01 6.484622823455171714e-02
1.160000000000000853e+01 5.076388766428997085e-02
1.165000000000000924e+01 4.737250991364901770e-02
1.170000000000000995e+01 4.752720889882357941e-02
1.175000000000000888e+01 1.953685343562116539e-01
1.180000000000000959e+01 5.387328140195721260e-02
1.185000000000001030e+01 4.685127530322890504e-02
1.190000000000000924e+01 2.883487145955086761e-02
1.195000000000000995e+01 5.360835552218256445e-02
1.200000000000001066e+01 2.995543616252318783e-02
1.205000000000000959e+01 2.752729584909934316e-02
1.210000000000001030e+01 8.757587177411720047e-02
1.215000000000000924e+01 1.335782612049148943e-01
1.220000000000000995e+01 7.417962050325169199e-02
1.225000000000001066e+01 8.528710714672542437e-02
1.230000000000000959e+01 4.428630493460210954e-02
1.235000000000001030e+01 4.508901321940938373e-02
1.240000000000000924e+01 1.256101684161841925e-01
1.245000000000000995e+01 8.964196114439160201e-02
1.250000000000001066e+01 1.654124757278850333e-01
1.255000000000000959e+01 2.696401040689050746e-02
1.260000000000001030e+01 4.785597414297853430e-02
1.265000000000001101e+01 4.310019925517556000e-02
1.270000000000000995e+01 4.796285778947968065e-02
1.275000000000001066e+01 3.022751882514957203e-02
1.280000000000001137e+01 2.986980442811141070e-02
1.285000000000001030e+01 4.293656399839308052e-02
1.290000000000001101e+01 1.133157017777449219e-02
1.295000000000000995e+01 9.045748400678525758e-02
1.300000000000001066e+01 4.449522392104421353e-02
1.305000000000001137e+01 4.205369609718895979e-02
1.310000000000001030e+01 3.909394916683004567e-02
1.315000000000001101e+01 8.928058979972343379e-02
1.320000000000000995e+01 3.917002660752477716e-02
1.325000000000001066e+01 4.188802307910281797e-02
1.330000000000001137e+01 2.529935249280260146e-02
1.335000000000001030e+01 4.086139729387309322e-02
1.340000000000001101e+01 6.199309830158949292e-02
1.345000000000001172e+01 6.052650504412506599e-02
1.350000000000001066e+01 6.693511981356262130e-02
1.355000000000001137e+01 1.012191633797220880e-01
1.360000000000001208e+01 1.092733943679055908e-01
1.365000000000001101e+01 1.962456788759318893e-02
1.370000000000001172e+01 3.386942005442864639e-02
1.375000000000001066e+01 2.417193733871417227e-02
1.380000000000001137e+01 2.530190201103624942e-02
1.385000000000001208e+01 9.220248514809106788e-02
1.390000000000001101e+01 4.003144168720010332e-02
1.395000000000001172e+01 3.578910162273735845e-02
1.400000000000001066e+01 5.121450285204499214e-02
1.405000000000001137e+01 7.992944528181793185e-02
1.410000000000001208e+01 1.090002316706653734e-01
1.415000000000001101e+01 6.967610104824199790e-02
1.420000000000001172e+01 4.112532388892929658e-02
1.425000000000001243e+01 1.346347544310596001e-01
1.430000000000001137e+01 7.124704441828512425e-02
1.435000000000001208e+01 3.544181825420942428e-02
1.440000000000001279e+01 3.752574612721251701e-02
1.445000000000001172e+01 7.495655480458036923e-02
1.450000000000001243e+01 7.118070805758230923e-02
1.455000000000001137e+01 4.929548868881176993e-02
1.460000000000001208e+01 3.807464679709615663e-02
1.465000000000001279e+01 1.077774236309742006e-01
1.470000000000001172e+01 5.442205617240000043e-02
1.475000000000001243e+01 1.344653627438156529e-01
1.480000000000001137e+01 4.563557067227539538e-02
1.485000000000001208e+01 3.600425458450710881e-02
1.490000000000001279e+01 3.981312230827085963e-02
1.495000000000001172e+01 3.712864315320198866e-02
1.500000000000001243e+01 3.536733847759839650e-02
1.505000000000001315e+01 3.548306077932798092e-02
1.510000000000001208e+01 1.041496484215773677e-01
1.515000000000001279e+01 5.394980161440895289e-02
1.520000000000001350e+01 4.985016904874637472e-02
1.525000000000001243e+01 6.704646409379684535e-02
1.530000000000001315e+01 8.152135750173204742e-02
1.535000000000001208e+01 4.809080363799113356e-02
1.540000000000001279e+01 4.633113043324169761e-02
1.545000000000001350e+01 9.920169387525469562e-02
1.550000000000001243e+01 4.823657296980066872e-02
1.555000000000001315e+01 1.085380473220615288e-01
1.560000000000001208e+01 1.095376884117981453e-01
1.565000000000001279e+01 2.501633914201555065e-02
1.570000000000001350e+01 9.183418460745350342e-02
1.575000000000001243e+01 1.419977009980517152e-02
1.580000000000001315e+01 7.534691446206297216e-02
1.585000000000001386e+01 5.794510811633953040e-02
1.590000000000001279e+01 4.229770901456344351e-02
1.595000000000001350e+01 6.236582334362323482e-02
1.600000000000001421e+01 1.412115905197720844e-02
1.605000000000001137e+01 5.446459171113858522e-02
1.610000000000001563e+01 2.015822472366751369e-02
1.615000000000001279e+01 1.111007526134920320e-01
1.620000000000001350e+01 5.756684834228130432e-02
1.625000000000001421e+01 4.851439397031014761e-02
1.630000000000001137e+01 3.253474666872497451e-02
1.635000000000001563e+01 1.081448203693620158e-01
1.640000000000001279e+01 4.983731900221205491e-02
1.645000000000001350e+01 8.210233742752205688e-02
1.650000000000001421e+01 1.978793388619053129e-02
1.655000000000001137e+01 1.807602131857838183e-03
1.660000000000001563e+01 8.561243136152980882e-02
1.665000000000001279e+01 3.578964462939229763e-02
1.670000000000001350e+01 2.691924159381324164e-02
1.675000000000001421e+01 8.483730235502852379e-02
1.680000000000001492e+01 7.678640419711038612e-02
1.685000000000001563e+01 2.558166284739163063e-02
1.690000000000001279e+01 7.545390891672290601e-02
1.695000000000001350e+01 1.189674730936198521e-01
1.700000000000001421e+01 3.117570593174782967e-02
1.705000000000001492e+01 3.857678405828905005e-02
1.710000000000001563e+01 3.370844644816724939e-02
1.715000000000001279e+01 3.393730090653256093e-02
1.720000000000001350e+01 4.713793173126135799e-02
1.725000000000001421e+01 2.492556013413583377e-02
1.730000000000001492e+01 4.946735119756534571e-02
1.735000000000001563e+01 3.270366692608236286e-02
1.740000000000001279e+01 1.332112344173768670e-01
1.745000000000001350e+01 3.133904237718215802e-02
1.750000000000001421e+01 1.222107434147935573e-01
1.755000000000001492e+01 3.107477151763198692e-02
1.760000000000001563e+01 3.955346093903672200e-02
1.765000000000001634e+01 5.062895269526308806e-02
1.770000000000001350e+01 9.384873355494283143e-02
1.775000000000001421e+01 5.921230078383856593e-02
1.780000000000001492e+01 5.880785193251449744e-02
1.785000000000001563e+01 4.120844502201552462e-02
1.790000000000001634e+01 6.756505545427075876e-02
1.795000000000001350e+01 3.577832467334420008e-02
1.800000000000001421e+01 4.051090163009223033e-02
1.805000000000001492e+01 5.417617450920318017e-02
1.810000000000001563e+01 8.651559804476752213e-02
1.815000000000001634e+01 7.703629684814528034e-02
1.820000000000001705e+01 1.424846832923459296e-02
1.825000000000001421e+01 2.986141395157564798e-02
1.830000000000001492e+01 1.292469048198669097e-02
1.835000000000001563e+01 2.836052044887966972e-02
1.840000000000001634e+01 1.586781830254695505e-02
1.845000000000001705e+01 2.734830670021013571e-02
1.850000000000001421e+01 3.388031062839018392e-02
1.855000000000001492e+01 2.859311025987944233e-02
1.860000000000001563e+01 4.824506426682573235e-02
1.865000000000001634e+01 2.203224398010518101e-02
1.870000000000001705e+01 1.020675596577793297e-02
1.875000000000001421e+01 6.925931953819366993e-02
1.880000000000001492e+01 1.066308015391455449e-01
1.885000000000001563e+01 5.749618864798198420e-02
1.890000000000001634e+01 2.905893740020212834e-02
1.895000000000001705e+01 8.413937484809436151e-02
1.900000000000001421e+01 6.851666776836573547e-02
1.905000000000001492e+01 6.499473560840428321e-02
1.910000000000001563e+01 1.238405097780021467e-02
1.915000000000001634e+01 2.161120035974066142e-02
1.920000000000001705e+01 9.654690065256281428e-02
1.925000000000001776e+01 4.974223878050047787e-02
1.930000000000001492e+01 2.047685124387524716e-02
1.935000000000001563e+01 6.097650553040053628e-02
1.940000000000001634e+01 1.721435264852461122e-02
1.945000000000001705e+01 3.176868781291634913e-02
1.950000000000001776e+01 8.336088518791932855e-02
1.955000000000001492e+01 9.987477044516855640e-02
1.960000000000001563e+01 4.254048389773537608e-02
1.965000000000001634e+01 4.397057634546962246e-02
1.970000000000001705e+01 4.731325086904422661e-02
1.975000000000001776e+01 4.853689101312883003e-02
1.980000000000001847e+01 2.960168346886460702e-02
1.985000000000001563e+01 1.743016943213859110e-02
1.990000000000001634e+01 2.710371678006586599e-02
1.995000000000001705e+01 1.625369113302930699e-02
2.000000000000001776e+01 5.124534413747441897e-02
