x extracted_lubricated
1.000000000000000000e+00 6.274385925176951817e-01
1.050000000000000044e+00 6.195336666712977225e-01
1.100000000000000089e+00 6.122097122222819321e-01
1.150000000000000133e+00 6.054875475167650345e-01
1.200000000000000178e+00 5.993542362461515838e-01
1.250000000000000222e+00 5.937661633370791003e-01
1.300000000000000266e+00 5.886539268739581221e-01
1.350000000000000311e+00 5.839284616754856216e-01
1.400000000000000355e+00 5.794877647427136846e-01
1.450000000000000400e+00 5.752236393754887045e-01
1.500000000000000444e+00 5.710279891398964969e-01
1.550000000000000488e+00 5.667983411241599434e-01
1.600000000000000533e+00 5.624424266192752375e-01
1.650000000000000577e+00 5.578817712539416718e-01
1.700000000000000622e+00 5.530543320504154314e-01
1.750000000000000666e+00 5.479162633571755814e-01
1.800000000000000711e+00 5.424429030041897359e-01
1.850000000000000755e+00 5.366290549219102646e-01
1.900000000000000799e+00 5.304886170153373381e-01
1.950000000000000844e+00 5.240535746740009326e-01
2.000000000000000888e+00 5.173723601882681544e-01
2.050000000000000711e+00 5.105075730524978317e-01
2.100000000000000977e+00 5.035330692657766782e-01
2.150000000000001243e+00 4.965304599491749404e-01
2.200000000000001066e+00 4.895851085583191598e-01
2.250000000000000888e+00 4.827817762837964266e-01
2.300000000000001155e+00 4.762001284533009526e-01
2.350000000000001421e+00 4.699103698485476155e-01
2.400000000000001243e+00 4.639693114840690580e-01
2.450000000000001066e+00 4.584171741840830094e-01
2.500000000000001332e+00 4.532753978491070868e-01
2.550000000000001599e+00 4.485456491824350023e-01
2.600000000000001421e+00 4.442101129966831152e-01
2.650000000000001243e+00 4.402330290316501804e-01
2.700000000000001510e+00 4.365633178878580711e-01
2.750000000000001776e+00 4.331380458392851684e-01
2.800000000000001599e+00 4.298864226595745519e-01
2.850000000000001421e+00 4.267340138518140868e-01
2.900000000000001688e+00 4.236068742479427440e-01
2.950000000000001954e+00 4.204353625497097013e-01
3.000000000000001776e+00 4.171574619195894118e-01
3.050000000000001599e+00 4.137214970817670312e-01
3.100000000000001865e+00 4.100881940072822474e-01
3.150000000000002132e+00 4.062320691480345025e-01
3.200000000000001954e+00 4.021421606265079274e-01
3.250000000000001776e+00 3.978221262457485308e-01
3.300000000000002043e+00 3.932897370136168580e-01
3.350000000000002309e+00 3.885757951519713815e-01
3.400000000000002132e+00 3.837225071789287512e-01
3.450000000000001954e+00 3.787813496734504515e-01
3.500000000000002220e+00 3.738104805018238608e-01
3.550000000000002487e+00 3.688717726075809167e-01
3.600000000000002309e+00 3.640275798114890882e-01
3.650000000000002132e+00 3.593373808909284262e-01
3.700000000000002398e+00 3.548544835639915740e-01
3.750000000000002665e+00 3.506229961232538717e-01
3.800000000000002487e+00 3.466752830777025673e-01
3.850000000000002309e+00 3.430301055233362928e-01
3.900000000000002576e+00 3.396916041375533934e-01
3.950000000000002842e+00 3.366492153012899391e-01
4.000000000000002665e+00 3.338785274193619146e-01
4.050000000000002487e+00 3.313429979181626850e-01
4.100000000000003197e+00 3.289963757553315271e-01
4.150000000000003020e+00 3.267856212099519708e-01
4.200000000000002842e+00 3.246540905044528746e-01
4.250000000000002665e+00 3.225447572795734352e-01
4.300000000000002487e+00 3.204032704328508285e-01
4.350000000000003197e+00 3.181806894808098529e-01
4.400000000000003020e+00 3.158357850415373091e-01
4.450000000000002842e+00 3.133368355203504652e-01
4.500000000000003553e+00 3.106628866797203625e-01
4.550000000000003375e+00 3.078044665357972387e-01
4.600000000000003197e+00 3.047637645032079123e-01
4.650000000000003020e+00 3.015542931783874447e-01
4.700000000000002842e+00 2.982000567912343469e-01
4.750000000000003553e+00 2.947342555729451363e-01
4.800000000000003375e+00 2.911975631775308715e-01
4.850000000000003197e+00 2.876360271816578718e-01
4.900000000000003908e+00 2.840986617066973419e-01
4.950000000000003730e+00 2.806348258889685421e-01
5.000000000000003553e+00 2.772915098690532654e-01
5.050000000000003375e+00 2.741106767701442237e-01
5.100000000000003197e+00 2.711268287771079200e-01
5.150000000000003908e+00 2.683649713476589094e-01
5.200000000000003730e+00 2.658391363292335607e-01
5.250000000000003553e+00 2.635515898758358233e-01
5.300000000000004263e+00 2.614927965933419585e-01
5.350000000000004086e+00 2.596421441121343765e-01
5.400000000000003908e+00 2.579693626448481547e-01
5.450000000000003730e+00 2.564365133514751038e-01
5.500000000000003553e+00 2.550003767830348322e-01
5.550000000000004263e+00 2.536150532395417545e-01
5.600000000000004086e+00 2.522345903260259647e-01
5.650000000000003908e+00 2.508154747304950916e-01
5.700000000000004619e+00 5.387913093544222098e-01
5.750000000000004441e+00 2.477124246417134468e-01
5.800000000000004263e+00 2.459718393732678032e-01
5.850000000000004086e+00 2.440817511272474760e-01
5.900000000000003908e+00 2.420363372332058616e-01
5.950000000000004619e+00 2.398393974458957467e-01
6.000000000000004441e+00 2.375040101815569793e-01
6.050000000000004263e+00 2.350517711167139923e-01
6.100000000000004974e+00 2.325116400667336936e-01
6.150000000000004796e+00 2.299184304055920114e-01
6.200000000000004619e+00 2.273109877924430200e-01
6.250000000000004441e+00 2.247301224102919159e-01
6.300000000000004263e+00 2.222163806659489538e-01
6.350000000000004974e+00 2.198077660155191848e-01
6.400000000000004796e+00 2.175375402071942355e-01
6.450000000000004619e+00 2.154322504352124135e-01
6.500000000000005329e+00 2.135101291158582881e-01
6.550000000000005151e+00 2.117799970017430478e-01
6.600000000000004974e+00 2.102407659072788870e-01
6.650000000000004796e+00 2.088815872713457589e-01
6.700000000000004619e+00 2.076826339882023587e-01
6.750000000000005329e+00 2.066164447926784609e-01
6.800000000000005151e+00 2.056497124802332821e-01
6.850000000000004974e+00 2.047453664109878391e-01
6.900000000000005684e+00 2.038647889970749416e-01
6.950000000000005507e+00 2.029700137369530588e-01
7.000000000000005329e+00 2.020257740641723254e-01
7.050000000000005151e+00 2.010013015343730391e-01
7.100000000000004974e+00 1.998718026501931644e-01
7.150000000000005684e+00 1.986195713718672262e-01
7.200000000000005507e+00 1.875713307614981784e-01
7.250000000000005329e+00 1.957154992338231425e-01
7.300000000000006040e+00 1.940682860420102629e-01
7.350000000000005862e+00 5.434634177853862047e-01
7.400000000000005684e+00 1.904529988222433967e-01
7.450000000000005507e+00 1.885326704999008285e-01
7.500000000000005329e+00 1.865773352637124238e-01
7.550000000000006040e+00 1.865455834794015888e-01
7.600000000000005862e+00 1.826983664534017615e-01
7.650000000000005684e+00 1.808434500694461877e-01
7.700000000000006395e+00 1.790870681548176191e-01
7.750000000000006217e+00 1.774552932380208947e-01
7.800000000000006040e+00 1.759678157195189996e-01
7.850000000000005862e+00 1.746367352176474985e-01
7.900000000000005684e+00 1.734658276560728241e-01
7.950000000000006395e+00 1.724503549634213706e-01
8.000000000000007105e+00 1.715774361042157470e-01
8.050000000000006040e+00 1.708269457968786820e-01
8.100000000000006750e+00 1.701728593846867088e-01
8.150000000000005684e+00 1.695849265808573592e-01
8.200000000000006395e+00 1.690305378442319151e-01
8.250000000000007105e+00 1.608492154179288758e-01
8.300000000000006040e+00 1.678916158960638561e-01
8.350000000000006750e+00 1.672469076334583693e-01
8.400000000000005684e+00 1.665185051076283340e-01
8.450000000000006395e+00 1.656880526873523996e-01
8.500000000000007105e+00 1.647436643023693637e-01
8.550000000000007816e+00 1.636803958332990472e-01
8.600000000000006750e+00 3.516958415967073592e-01
8.650000000000005684e+00 1.612126315083046435e-01
8.700000000000006395e+00 1.598325323806842613e-01
8.750000000000007105e+00 1.583810183265334237e-01
8.800000000000007816e+00 1.568834861299934491e-01
8.850000000000006750e+00 1.553684577234697162e-01
8.900000000000007461e+00 1.515266581803810242e-01
8.950000000000006395e+00 1.333879712281462182e-01
9.000000000000007105e+00 1.727633185163741925e-01
9.050000000000007816e+00 1.497243077558972624e-01
9.100000000000006750e+00 1.485467019574806258e-01
9.150000000000007461e+00 1.474982809922009419e-01
9.200000000000006395e+00 2.411490279961894800e-01
9.250000000000007105e+00 1.442785563075354716e-01
9.300000000000007816e+00 1.168526256653674433e-01
9.350000000000006750e+00 1.446184444681087311e-01
9.400000000000007461e+00 1.441710196078580808e-01
9.450000000000008171e+00 1.437900007947701120e-01
9.500000000000007105e+00 1.434476232356028391e-01
9.550000000000007816e+00 1.431150075732054161e-01
9.600000000000008527e+00 1.427638238378597380e-01
9.650000000000007461e+00 1.376130717864630371e-01
9.700000000000008171e+00 1.419042878417237641e-01
9.750000000000007105e+00 1.413549647576023693e-01
9.800000000000007816e+00 1.480015374326799915e-01
9.850000000000008527e+00 1.399538220694751811e-01
9.900000000000007461e+00 2.659586220404077106e-01
9.950000000000008171e+00 1.381348117962900857e-01
1.000000000000000711e+01 1.370859678039162144e-01
1.005000000000000782e+01 6.426212816970051644e-01
1.010000000000000853e+01 3.330353772925786493e-01
1.015000000000000746e+01 1.335913668725940417e-01
1.020000000000000817e+01 1.323898788848151542e-01
1.025000000000000888e+01 1.312139244319332210e-01
1.030000000000000782e+01 1.300892462199149391e-01
1.035000000000000853e+01 1.290391020443723280e-01
1.040000000000000924e+01 1.280828587924425777e-01
1.045000000000000817e+01 1.272347924496367300e-01
1.050000000000000888e+01 1.265031920658583608e-01
1.055000000000000782e+01 1.206151335963153159e-01
1.060000000000000853e+01 1.253899654888331050e-01
1.065000000000000924e+01 1.249925332847077186e-01
1.070000000000000817e+01 3.314416205046316066e-01
1.075000000000000888e+01 6.545663892855507759e-01
1.080000000000000782e+01 1.242297697850534705e-01
1.085000000000000853e+01 2.150612727240042710e-01
1.090000000000000924e+01 1.238420693480992846e-01
1.095000000000000817e+01 1.236098697044921563e-01
1.100000000000000888e+01 5.019492209615293854e-01
1.105000000000000959e+01 1.229628031771391322e-01
1.110000000000000853e+01 3.464373542333327172e-01
1.115000000000000924e+01 1.219777658140906162e-01
1.120000000000000995e+01 1.132901278633866027e-01
1.125000000000000888e+01 1.206134235093992424e-01
1.130000000000000959e+01 1.197999085465501212e-01
1.135000000000000853e+01 1.204980294356175485e-01
1.140000000000000924e+01 1.067440583165916446e-01
1.145000000000000995e+01 1.170034412058108542e-01
1.150000000000000888e+01 1.160206711908793736e-01
1.155000000000000959e+01 1.150513782996135381e-01
1.160000000000000853e+01 1.138407202480798408e-01
1.165000000000000924e+01 1.132453278451848733e-01
1.170000000000000995e+01 1.124489058408456865e-01
1.175000000000000888e+01 1.117441734880253446e-01
1.180000000000000959e+01 2.188719139745663178e-01
1.185000000000001030e+01 1.106411746711511990e-01
1.190000000000000924e+01 1.102441080073256890e-01
1.195000000000000995e+01 1.099411143746880926e-01
1.200000000000001066e+01 2.272756942021869897e-01
1.205000000000000959e+01 6.426125503407715822e-01
1.210000000000001030e+01 1.140764332688092714e-01
1.215000000000000924e+01 1.093478143592363505e-01
1.220000000000000995e+01 5.908550081588476166e-01
1.225000000000001066e+01 1.091254384386475818e-01
1.230000000000000959e+01 1.055111743024001736e-01
1.235000000000001030e+01 1.087264438905255065e-01
1.240000000000000924e+01 1.084209320724290881e-01
1.245000000000000995e+01 1.080317470969465038e-01
1.250000000000001066e+01 1.075551265235357296e-01
1.255000000000000959e+01 1.069922986794788894e-01
1.260000000000001030e+01 1.063493769068030032e-01
1.265000000000001101e+01 1.056370252883336580e-01
1.270000000000000995e+01 5.437183747408783629e-01
1.275000000000001066e+01 1.248876444207047409e-01
1.280000000000001137e+01 1.032452790404946585e-01
1.285000000000001030e+01 1.008938789166189398e-01
1.290000000000001101e+01 1.016397215969933321e-01
1.295000000000000995e+01 1.008964749485057738e-01
1.300000000000001066e+01 3.934813526714530663e-01
1.305000000000001137e+01 9.961694906130399985e-02
1.310000000000001030e+01 1.064153287023990591e-01
1.315000000000001101e+01 1.572369916446604288e-01
1.320000000000000995e+01 9.835942271720722607e-02
1.325000000000001066e+01 9.403432384860271886e-02
1.330000000000001137e+01 9.795629321831553216e-02
1.335000000000001030e+01 2.150814894688929391e-01
1.340000000000001101e+01 9.779501818773790600e-02
1.345000000000001172e+01 2.019053477901654459e-01
1.350000000000001066e+01 9.772608753024546180e-02
1.355000000000001137e+01 3.259741836177754148e-01
1.360000000000001208e+01 9.758727462964525423e-02
1.365000000000001101e+01 6.068898497701690209e-01
1.370000000000001172e+01 8.540782442221933612e-02
1.375000000000001066e+01 9.695828476766137072e-02
1.380000000000001137e+01 9.659703809096048532e-02
1.385000000000001208e+01 9.615600468243123977e-02
1.390000000000001101e+01 9.563952253939231318e-02
1.395000000000001172e+01 2.093906755998489744e-01
1.400000000000001066e+01 9.441836180079614393e-02
1.405000000000001137e+01 9.347921211370688321e-02
1.410000000000001208e+01 9.304389959911546493e-02
1.415000000000001101e+01 9.234448537272481328e-02
1.420000000000001172e+01 9.166303889265213500e-02
1.425000000000001243e+01 8.882187093621958518e-02
1.430000000000001137e+01 9.042757942393002402e-02
1.435000000000001208e+01 8.990451294505294455e-02
1.440000000000001279e+01 9.069502784414891494e-02
1.445000000000001172e+01 8.909786943504320600e-02
1.450000000000001243e+01 1.050544597898010329e-01
1.455000000000001137e+01 8.862414406561418267e-02
1.460000000000001208e+01 2.036290519832679169e-01
1.465000000000001279e+01 8.843355975120081869e-02
1.470000000000001172e+01 9.159618290368415350e-02
1.475000000000001243e+01 3.824830005143015632e-01
1.480000000000001137e+01 1.248987499920585498e-01
1.485000000000001208e+01 8.842219784612204148e-02
1.490000000000001279e+01 8.839010800608668172e-02
1.495000000000001172e+01 4.671091052680851896e-01
1.500000000000001243e+01 1.857107318062431456e-01
1.505000000000001315e+01 8.797393669553640883e-02
1.510000000000001208e+01 1.237397976365889468e-01
1.515000000000001279e+01 8.734856436860723161e-02
1.520000000000001350e+01 8.692791609233320449e-02
1.525000000000001243e+01 5.719617012551021507e-01
1.530000000000001315e+01 8.590483214404942558e-02
1.535000000000001208e+01 8.532650168064054297e-02
1.540000000000001279e+01 8.472414223394848787e-02
1.545000000000001350e+01 6.128536513650801459e-02
1.550000000000001243e+01 8.351788874280578756e-02
1.555000000000001315e+01 1.419767094768700222e-01
1.560000000000001208e+01 8.242671642343292471e-02
1.565000000000001279e+01 8.196265899708919667e-02
1.570000000000001350e+01 8.156780073190166014e-02
1.575000000000001243e+01 8.124844490623843452e-02
1.580000000000001315e+01 3.854003329232659758e-01
1.585000000000001386e+01 1.719906070638475282e-01
1.590000000000001279e+01 3.663413225853694166e-02
1.595000000000001350e+01 3.863132692093826925e-01
1.600000000000001421e+01 8.069899669031763145e-02
1.605000000000001137e+01 7.984384715554675160e-02
1.610000000000001563e+01 9.505265653181325936e-02
1.615000000000001279e+01 5.558979843115724462e-01
1.620000000000001350e+01 9.304632526419875926e-02
1.625000000000001421e+01 1.057790361090548970e-01
1.630000000000001137e+01 8.068688523483442954e-02
1.635000000000001563e+01 1.350850744420134808e-01
1.640000000000001279e+01 6.831570437283349118e-02
1.645000000000001350e+01 8.005168856775424224e-02
1.650000000000001421e+01 6.940785397579035676e-02
1.655000000000001137e+01 7.929744510405944968e-02
1.660000000000001563e+01 7.883731494802526107e-02
1.665000000000001279e+01 9.169785652858125635e-02
1.670000000000001350e+01 7.049316985615476649e-02
1.675000000000001421e+01 4.174348676823024240e-01
1.680000000000001492e+01 3.867369196804354425e-01
1.685000000000001563e+01 7.623509259701213847e-02
1.690000000000001279e+01 7.437843139918642876e-02
1.695000000000001350e+01 7.670637831035545529e-02
1.700000000000001421e+01 7.765974344161336029e-02
1.705000000000001492e+01 4.356659652161044005e-01
1.710000000000001563e+01 7.448789241256938143e-02
1.715000000000001279e+01 7.434139553282444191e-02
1.720000000000001350e+01 7.425919955398817274e-02
1.725000000000001421e+01 7.224085944021482741e-02
1.730000000000001492e+01 2.415901497244992147e-01
1.735000000000001563e+01 4.772622976436702857e-01
1.740000000000001279e+01 6.868088082465644006e-02
1.745000000000001350e+01 6.185829601993154958e-02
1.750000000000001421e+01 3.259956679048777589e-02
1.755000000000001492e+01 4.018643217677407842e-01
1.760000000000001563e+01 4.686940312370071471e-01
1.765000000000001634e+01 7.429073489842424882e-02
1.770000000000001350e+01 1.441874636298330625e-01
1.775000000000001421e+01 3.723464872306663231e-01
1.780000000000001492e+01 7.361643026700426251e-02
1.785000000000001563e+01 7.134496431789304205e-02
1.790000000000001634e+01 7.318147453815720960e-02
1.795000000000001350e+01 1.199471377369366459e-01
1.800000000000001421e+01 7.152301474200441211e-02
1.805000000000001492e+01 7.434851484075241657e-02
1.810000000000001563e+01 7.101450757085929488e-02
1.815000000000001634e+01 7.055618951574846309e-02
1.820000000000001705e+01 1.347638175432574748e-01
1.825000000000001421e+01 4.106586435153417036e-01
1.830000000000001492e+01 8.022321269909231389e-02
1.835000000000001563e+01 6.916123662004519668e-02
1.840000000000001634e+01 6.896421826441689884e-02
1.845000000000001705e+01 6.883255013442649006e-02
1.850000000000001421e+01 6.943573664050164962e-02
1.855000000000001492e+01 2.775933452601500595e-01
1.860000000000001563e+01 1.764407824902712307e-01
1.865000000000001634e+01 4.083647560459853221e-01
1.870000000000001705e+01 6.889186157417928613e-02
1.875000000000001421e+01 6.896007349869537340e-02
1.880000000000001492e+01 7.342065487207950769e-02
1.885000000000001563e+01 6.903729431439972752e-02
1.890000000000001634e+01 6.970724599603857208e-02
1.895000000000001705e+01 6.895478434801285972e-02
1.900000000000001421e+01 6.898785743773711010e-02
1.905000000000001492e+01 6.667893512543940360e-02
1.910000000000001563e+01 8.606429683004311604e-02
1.915000000000001634e+01 6.811242426044036846e-02
1.920000000000001705e+01 6.375815794901049105e-02
1.925000000000001776e+01 1.286827551386148516e-01
1.930000000000001492e+01 6.696450014916488502e-02
1.935000000000001563e+01 4.024997105789218654e-01
1.940000000000001634e+01 6.610322843533031345e-02
1.945000000000001705e+01 7.105377644460653119e-02
1.950000000000001776e+01 6.529570240625874600e-02
1.955000000000001492e+01 9.086388095695122069e-02
1.960000000000001563e+01 2.319795252011810360e-01
1.965000000000001634e+01 6.440213670875169494e-02
1.970000000000001705e+01 7.336591298597655575e-02
1.975000000000001776e+01 2.856929176664222414e-01
1.980000000000001847e+01 2.403043328988406779e-01
1.985000000000001563e+01 1.240344292490481587e-01
1.990000000000001634e+01 3.629150711690984910e-01
1.995000000000001705e+01 3.067630501475677729e-01
2.000000000000001776e+01 6.590294769867015290e-02
