x extracted_lubricated
1.000000000000000000e+00 2.041253299605329530e-01
1.050000000000000044e+00 1.874715550188376101e-01
1.100000000000000089e+00 1.714648274595105548e-01
1.150000000000000133e+00 1.659491273971917258e-01
1.200000000000000178e+00 1.658509869084055510e-01
1.250000000000000222e+00 1.605253336268439579e-01
1.300000000000000266e+00 1.513506956795571678e-01
1.350000000000000311e+00 1.416317081782914045e-01
1.400000000000000355e+00 1.325674444612993663e-01
1.450000000000000400e+00 1.295431988729355277e-01
1.500000000000000444e+00 1.302469175415292280e-01
1.550000000000000488e+00 1.258203449215154479e-01
1.600000000000000533e+00 1.183369111146757996e-01
1.650000000000000577e+00 1.134997324104835004e-01
1.700000000000000622e+00 1.094145504549397102e-01
1.750000000000000666e+00 1.066494291707652253e-01
1.800000000000000711e+00 1.061203511727807913e-01
1.850000000000000755e+00 1.024304211294117806e-01
1.900000000000000799e+00 9.677281361544154414e-02
1.950000000000000844e+00 9.529864517881488084e-02
2.000000000000000888e+00 9.445792505071944067e-02
2.050000000000000711e+00 9.103685436252315077e-02
2.100000000000000977e+00 8.848983877974157808e-02
2.150000000000001243e+00 8.572871852724038566e-02
2.200000000000001066e+00 8.230649184170296673e-02
2.250000000000000888e+00 8.285202627442006529e-02
2.300000000000001155e+00 8.370033431921543310e-02
2.350000000000001421e+00 7.956205396978255351e-02
2.400000000000001243e+00 7.508889380690987603e-02
2.450000000000001066e+00 7.341489771797574115e-02
2.500000000000001332e+00 7.240200805517872651e-02
2.550000000000001599e+00 7.378221333272658167e-02
2.600000000000001421e+00 7.504395282376467857e-02
2.650000000000001243e+00 7.059510781319061623e-02
2.700000000000001510e+00 6.487343365243758431e-02
2.750000000000001776e+00 6.423024292430376536e-02
2.800000000000001599e+00 6.536675099596672700e-02
2.850000000000001421e+00 6.669119606373964670e-02
2.900000000000001688e+00 6.746628366686031886e-02
2.950000000000001954e+00 6.327698457183221492e-02
3.000000000000001776e+00 5.728218664632465235e-02
3.050000000000001599e+00 5.734953174679828514e-02
3.100000000000001865e+00 5.997820174466472753e-02
3.150000000000002132e+00 6.076171015387511753e-02
3.200000000000001954e+00 6.057991666791850971e-02
3.250000000000001776e+00 5.717750784939115011e-02
3.300000000000002043e+00 5.188150583272854721e-02
3.350000000000002309e+00 5.213938487189010568e-02
3.400000000000002132e+00 5.537628076029387642e-02
3.450000000000001954e+00 5.553305948496539690e-02
3.500000000000002220e+00 5.435928792521581981e-02
3.550000000000002487e+00 5.210605059625717655e-02
3.600000000000002309e+00 4.821389069543254025e-02
3.650000000000002132e+00 4.810251409293615082e-02
3.700000000000002398e+00 5.103722534064201316e-02
3.750000000000002665e+00 5.076846900449340227e-02
3.800000000000002487e+00 4.894349934613857755e-02
3.850000000000002309e+00 4.796849690748444806e-02
3.900000000000002576e+00 4.576482363697437217e-02
3.950000000000002842e+00 4.487495943169528267e-02
4.000000000000002665e+00 4.674378508498846369e-02
4.050000000000002487e+00 4.638122703263290042e-02
4.100000000000003197e+00 4.448583139543901138e-02
4.150000000000003020e+00 4.465814297188536175e-02
4.200000000000002842e+00 4.400148124061697280e-02
4.250000000000002665e+00 4.220352144894266161e-02
4.300000000000002487e+00 4.252497667041285623e-02
4.350000000000003197e+00 4.238801897505192762e-02
4.400000000000003020e+00 4.104698323429102624e-02
4.450000000000002842e+00 4.200724884419294175e-02
4.500000000000003553e+00 4.244610450535561685e-02
4.550000000000003375e+00 3.990311549571427807e-02
4.600000000000003197e+00 3.856756464749661745e-02
4.650000000000003020e+00 3.885948008238272050e-02
4.700000000000002842e+00 3.853922510232603987e-02
4.750000000000003553e+00 3.980680388498181177e-02
4.800000000000003375e+00 4.074896847495523833e-02
4.850000000000003197e+00 3.782906100594300713e-02
4.900000000000003908e+00 3.511468427967045364e-02
4.950000000000003730e+00 3.585930989477752184e-02
5.000000000000003553e+00 3.672928955290999387e-02
5.050000000000003375e+00 3.785900654158654705e-02
5.100000000000003197e+00 3.873423980486347118e-02
5.150000000000003908e+00 3.588240893922791525e-02
5.200000000000003730e+00 3.237181914858074105e-02
5.250000000000003553e+00 3.339333096938401635e-02
5.300000000000004263e+00 3.529586805709539199e-02
5.350000000000004086e+00 3.601551684105589596e-02
5.400000000000003908e+00 3.640548945339015796e-02
5.450000000000003730e+00 3.402996313126992883e-02
5.500000000000003553e+00 3.043827376862575859e-02
5.550000000000004263e+00 3.139961981585929346e-02
5.600000000000004086e+00 3.391753141240863578e-02
5.650000000000003908e+00 3.418491703783416158e-02
5.700000000000004619e+00 3.391088267656016536e-02
5.750000000000004441e+00 3.230517373707309653e-02
5.800000000000004263e+00 2.927503433883904202e-02
5.850000000000004086e+00 2.978293614164191638e-02
5.900000000000003908e+00 3.235661302555477292e-02
5.950000000000004619e+00 3.232488359162378339e-02
6.000000000000004441e+00 3.147847423925475424e-02
6.050000000000004263e+00 3.077333817853462536e-02
6.100000000000004974e+00 2.871147781466813417e-02
6.150000000000004796e+00 2.845798012214426770e-02
6.200000000000004619e+00 3.051209805778298464e-02
6.250000000000004441e+00 3.043778085954081461e-02
6.300000000000004263e+00 2.933848089035600432e-02
6.350000000000004974e+00 2.947732642120411140e-02
6.400000000000004796e+00 2.848638515748768210e-02
6.450000000000004619e+00 2.736330673155290549e-02
6.500000000000005329e+00 2.843003725411810331e-02
6.550000000000005151e+00 2.856989919481093751e-02
6.600000000000004974e+00 2.765149054728817044e-02
6.650000000000004796e+00 2.840082183962634732e-02
6.700000000000004619e+00 2.831189411339752465e-02
6.750000000000005329e+00 2.644403885639392410e-02
6.800000000000005151e+00 2.627368938954974600e-02
6.850000000000004974e+00 2.679996011845168016e-02
6.900000000000005684e+00 2.646037819277244005e-02
6.950000000000005507e+00 2.747388411547119907e-02
7.000000000000005329e+00 2.794273330463821828e-02
7.050000000000005151e+00 2.563428616957207085e-02
7.100000000000004974e+00 2.426532736362197601e-02
7.150000000000005684e+00 2.520849263120795297e-02
7.200000000000005507e+00 2.567966043043613117e-02
7.250000000000005329e+00 2.660930669686607450e-02
7.300000000000006040e+00 2.723145951427365791e-02
7.350000000000005862e+00 2.486583909342529250e-02
7.400000000000005684e+00 2.261744394731073776e-02
7.450000000000005507e+00 2.384125427686852386e-02
7.500000000000005329e+00 2.512630253967315305e-02
7.550000000000006040e+00 2.573643950971230693e-02
7.600000000000005862e+00 2.615524399843415643e-02
7.650000000000005684e+00 2.409738315200017633e-02
7.700000000000006395e+00 2.147223776413106563e-02
7.750000000000006217e+00 2.269402068029680725e-02
7.800000000000006040e+00 2.458076485563508856e-02
7.850000000000005862e+00 2.481267734014164228e-02
7.900000000000005684e+00 2.480853442369156808e-02
7.950000000000006395e+00 2.333489756667758708e-02
8.000000000000007105e+00 2.086433747405774808e-02
8.050000000000006040e+00 2.173174648353771998e-02
8.100000000000006750e+00 2.385566049560196994e-02
8.150000000000005684e+00 2.381950476476819151e-02
8.200000000000006395e+00 2.336535913134792086e-02
8.250000000000007105e+00 2.262086804408761434e-02
8.300000000000006040e+00 2.071416279474121158e-02
8.350000000000006750e+00 2.092252591420509095e-02
8.400000000000005684e+00 2.284947397439247158e-02
8.450000000000006395e+00 2.275980089320600239e-02
8.500000000000007105e+00 2.202266859903432086e-02
8.550000000000007816e+00 2.199729502759928054e-02
8.600000000000006750e+00 2.085118440164774115e-02
8.650000000000005684e+00 2.025321694073435250e-02
8.700000000000006395e+00 2.157113954692304464e-02
8.750000000000007105e+00 2.166141945075490335e-02
8.800000000000007816e+00 2.094039597135632577e-02
8.850000000000006750e+00 2.147077485935397143e-02
8.900000000000007461e+00 2.105967455160938362e-02
8.950000000000006395e+00 1.971531468257712791e-02
9.000000000000007105e+00 2.013148203057392449e-02
9.050000000000007816e+00 2.057654574965204694e-02
9.100000000000006750e+00 2.019464606298769851e-02
9.150000000000007461e+00 2.100638792649781386e-02
9.200000000000006395e+00 2.113448946917131574e-02
9.250000000000007105e+00 1.928194151642462217e-02
9.300000000000007816e+00 1.870662347297704850e-02
9.350000000000006750e+00 1.956552925973938095e-02
9.400000000000007461e+00 1.975778441644995484e-02
9.450000000000008171e+00 2.055046620740073882e-02
9.500000000000007105e+00 2.093185235487598356e-02
9.550000000000007816e+00 1.890521150470594533e-02
9.600000000000008527e+00 1.748528753376458675e-02
9.650000000000007461e+00 1.866990170694513007e-02
9.700000000000008171e+00 1.951197819554727902e-02
9.750000000000007105e+00 2.005825108025880224e-02
9.800000000000007816e+00 2.040159162431732370e-02
9.850000000000008527e+00 1.853969057593883238e-02
9.900000000000007461e+00 1.661534066014805008e-02
9.950000000000008171e+00 1.789558604711712422e-02
1.000000000000000711e+01 1.929103048340060841e-02
1.005000000000000782e+01 1.950564883016037490e-02
1.010000000000000853e+01 1.959273137368954323e-02
1.015000000000000746e+01 1.816926958307965231e-02
1.020000000000000817e+01 1.616414460191858277e-02
1.025000000000000888e+01 1.722276823136197760e-02
1.030000000000000782e+01 1.893500210416803817e-02
1.035000000000000853e+01 1.888552830796593265e-02
1.040000000000000924e+01 1.863188252472290640e-02
1.045000000000000817e+01 1.781145419472529232e-02
1.050000000000000888e+01 1.610259448969673240e-02
1.055000000000000782e+01 1.663353510487953005e-02
1.060000000000000853e+01 1.833936928834784333e-02
1.065000000000000924e+01 1.820252659625086825e-02
1.070000000000000817e+01 1.768125182905544088e-02
1.075000000000000888e+01 1.749452881730415021e-02
1.080000000000000782e+01 1.631560738366760396e-02
1.085000000000000853e+01 1.612998190793990191e-02
1.090000000000000924e+01 1.748469695263785151e-02
1.095000000000000817e+01 1.747487795129800889e-02
1.100000000000000888e+01 1.688838353895125502e-02
1.105000000000000959e+01 1.722737857537597408e-02
1.110000000000000853e+01 1.663474414267692575e-02
1.115000000000000924e+01 1.572566126846479048e-02
1.120000000000000995e+01 1.644001403278074272e-02
1.125000000000000888e+01 1.673735755730536637e-02
1.130000000000000959e+01 1.634201661250638329e-02
1.135000000000000853e+01 1.698762763059796094e-02
1.140000000000000924e+01 1.688341465563250599e-02
1.145000000000000995e+01 1.542100707241069769e-02
1.150000000000000888e+01 1.534076761230529495e-02
1.155000000000000959e+01 1.603371854481170158e-02
1.160000000000000853e+01 1.604731888985722055e-02
1.165000000000000924e+01 1.673539870487203776e-02
1.170000000000000995e+01 1.692236618009047150e-02
1.175000000000000888e+01 1.519008055493506308e-02
1.180000000000000959e+01 1.434894917497466296e-02
1.185000000000001030e+01 1.539739918494408347e-02
1.190000000000000924e+01 1.592840692555935744e-02
1.195000000000000995e+01 1.643647890658888472e-02
1.200000000000001066e+01 1.668333382814485288e-02
1.205000000000000959e+01 1.499368166852352476e-02
1.210000000000001030e+01 1.360728570940958684e-02
1.215000000000000924e+01 1.483532997181501514e-02
1.220000000000000995e+01 1.585663934425663932e-02
1.225000000000001066e+01 1.607481058095783580e-02
1.230000000000000959e+01 1.618207673304458000e-02
1.235000000000001030e+01 1.480559367402672216e-02
1.240000000000000924e+01 1.320031821803326240e-02
1.245000000000000995e+01 1.433179749682409604e-02
1.250000000000001066e+01 1.569393900677465425e-02
1.255000000000000959e+01 1.564989730474896507e-02
1.260000000000001030e+01 1.550777675736218775e-02
1.265000000000001101e+01 1.462603567344792146e-02
1.270000000000000995e+01 1.313273009193673124e-02
1.275000000000001066e+01 1.387092991135917448e-02
1.280000000000001137e+01 1.533647355560649461e-02
1.285000000000001030e+01 1.516965280578496354e-02
1.290000000000001101e+01 1.479230467735528215e-02
1.295000000000000995e+01 1.447037656329840279e-02
1.300000000000001066e+01 1.333015123347127545e-02
1.305000000000001137e+01 1.345670155640798712e-02
1.310000000000001030e+01 1.474578867865502900e-02
1.315000000000001101e+01 1.464907245914074709e-02
1.320000000000000995e+01 1.416837817656108577e-02
1.325000000000001066e+01 1.434484941529540723e-02
1.330000000000001137e+01 1.366122592626033486e-02
1.335000000000001030e+01 1.311101516475049467e-02
1.340000000000001101e+01 1.395939630596488082e-02
1.345000000000001172e+01 1.411328143381681242e-02
1.350000000000001066e+01 1.372887332014232492e-02
1.355000000000001137e+01 1.423220625833184101e-02
1.360000000000001208e+01 1.397400019436498622e-02
1.365000000000001101e+01 1.285178547496269343e-02
1.370000000000001172e+01 1.307904130894602633e-02
1.375000000000001066e+01 1.359485016251256971e-02
1.380000000000001137e+01 1.349972560332312818e-02
1.385000000000001208e+01 1.409909374792398841e-02
1.390000000000001101e+01 1.413627607615357273e-02
1.395000000000001172e+01 1.267303882407907166e-02
1.400000000000001066e+01 1.224108088064902733e-02
1.405000000000001137e+01 1.312047028290954515e-02
1.410000000000001208e+01 1.343506344995980088e-02
1.415000000000001101e+01 1.391551382661748021e-02
1.420000000000001172e+01 1.406898529431356050e-02
1.425000000000001243e+01 1.254723942346645978e-02
1.430000000000001137e+01 1.157805096352550363e-02
1.435000000000001208e+01 1.269633406348428910e-02
1.440000000000001279e+01 1.343550118648547884e-02
1.445000000000001172e+01 1.366814651626737168e-02
1.450000000000001243e+01 1.376375354699692008e-02
1.455000000000001137e+01 1.244658953394638806e-02
1.460000000000001208e+01 1.118234195250192645e-02
1.465000000000001279e+01 1.230794044982811905e-02
1.470000000000001172e+01 1.338225100718074510e-02
1.475000000000001243e+01 1.335969543497923274e-02
1.480000000000001137e+01 1.328020698974766677e-02
1.485000000000001208e+01 1.236096026810768259e-02
1.490000000000001279e+01 1.108176863402608216e-02
1.495000000000001172e+01 1.193791489013367076e-02
1.500000000000001243e+01 1.317530378025758356e-02
1.505000000000001315e+01 1.300107762625405360e-02
1.510000000000001208e+01 1.272415863431654824e-02
1.515000000000001279e+01 1.229562678055199504e-02
1.520000000000001350e+01 1.123335300664374779e-02
1.525000000000001243e+01 1.158663006503688614e-02
1.530000000000001315e+01 1.276417180303486033e-02
1.535000000000001208e+01 1.260716037330389741e-02
1.540000000000001279e+01 1.221314582982511304e-02
1.545000000000001350e+01 1.225314214315008886e-02
1.550000000000001243e+01 1.153660634369461056e-02
1.555000000000001315e+01 1.127629183210723113e-02
1.560000000000001208e+01 1.216286294239723662e-02
1.565000000000001279e+01 1.219827738725753376e-02
1.570000000000001350e+01 1.183955756574620911e-02
1.575000000000001243e+01 1.221850969034080428e-02
1.580000000000001315e+01 1.186206118598669840e-02
1.585000000000001386e+01 1.103408676303326702e-02
1.590000000000001279e+01 1.144561825752850488e-02
1.595000000000001350e+01 1.179993252137892870e-02
1.600000000000001421e+01 1.164277483281869752e-02
1.605000000000001137e+01 1.216189664628487647e-02
1.610000000000001563e+01 1.208659835732421757e-02
1.615000000000001279e+01 1.086980142813585154e-02
1.620000000000001350e+01 1.072548722130853803e-02
1.625000000000001421e+01 1.143393834298379007e-02
1.630000000000001137e+01 1.159928031973403266e-02
1.635000000000001563e+01 1.205474639050676568e-02
1.640000000000001279e+01 1.212561528192379959e-02
1.645000000000001350e+01 1.076917830437600782e-02
1.650000000000001421e+01 1.012253546193440934e-02
1.655000000000001137e+01 1.110577625278421493e-02
1.660000000000001563e+01 1.163336925177914372e-02
1.665000000000001279e+01 1.188364741227309999e-02
1.670000000000001350e+01 1.195332546420675018e-02
1.675000000000001421e+01 1.070814431726311959e-02
1.680000000000001492e+01 9.730931125132707971e-03
1.685000000000001563e+01 1.080171180736917355e-02
1.690000000000001279e+01 1.164365990977423056e-02
1.695000000000001350e+01 1.165196942704586729e-02
1.700000000000001421e+01 1.160587840122869960e-02
1.705000000000001492e+01 1.067154613970794884e-02
1.710000000000001563e+01 9.593820900429305201e-03
1.715000000000001279e+01 1.050238235956385373e-02
1.720000000000001350e+01 1.153604059104394730e-02
1.725000000000001421e+01 1.137254950572325063e-02
1.730000000000001492e+01 1.116672950917156626e-02
1.735000000000001563e+01 1.065744827471185388e-02
1.740000000000001279e+01 9.692460585178525392e-03
1.745000000000001350e+01 1.020284633324740689e-02
1.750000000000001421e+01 1.125299356006105589e-02
1.755000000000001492e+01 1.106130034250556518e-02
1.760000000000001563e+01 1.073865317996942036e-02
1.765000000000001634e+01 1.066492088084848924e-02
1.770000000000001350e+01 9.952396861990049290e-03
1.775000000000001421e+01 9.921312848661356307e-03
1.780000000000001492e+01 1.079112096285125832e-02
1.785000000000001563e+01 1.073659995727513881e-02
1.790000000000001634e+01 1.041078807146871878e-02
1.795000000000001350e+01 1.068003798245622214e-02
1.800000000000001421e+01 1.026489412560868328e-02
1.805000000000001492e+01 9.688108220695219874e-03
1.810000000000001563e+01 1.020235074814211315e-02
1.815000000000001634e+01 1.041973919258798280e-02
1.820000000000001705e+01 1.023103402163620494e-02
1.825000000000001421e+01 1.067522008501854518e-02
1.830000000000001492e+01 1.051725045870965068e-02
1.835000000000001563e+01 9.523998681370774572e-03
1.840000000000001634e+01 9.579097755064118827e-03
1.845000000000001705e+01 1.012923597700442560e-02
1.850000000000001421e+01 1.019277486831987080e-02
1.855000000000001492e+01 1.062223191043448582e-02
1.860000000000001563e+01 1.062312509127497778e-02
1.865000000000001634e+01 9.427286322348219297e-03
1.870000000000001705e+01 9.028282394801825234e-03
1.875000000000001421e+01 9.870263822260118280e-03
1.880000000000001492e+01 1.023976976305801187e-02
1.885000000000001563e+01 1.050615715460692136e-02
1.890000000000001634e+01 1.054435657721452223e-02
1.895000000000001705e+01 9.380533304776323897e-03
1.900000000000001421e+01 8.642008064276269705e-03
1.905000000000001492e+01 9.630095120681780516e-03
1.910000000000001563e+01 1.028635379730510196e-02
1.915000000000001634e+01 1.032928912866055808e-02
1.920000000000001705e+01 1.029839357771778104e-02
1.925000000000001776e+01 9.367440574909641909e-03
1.930000000000001492e+01 8.472979609425062772e-03
1.935000000000001563e+01 9.387956291823151833e-03
1.940000000000001634e+01 1.024553593273601695e-02
1.945000000000001705e+01 1.010512112260397548e-02
1.950000000000001776e+01 9.949505168303970568e-03
1.955000000000001492e+01 9.381397766161873181e-03
1.960000000000001563e+01 8.520870049105471258e-03
1.965000000000001634e+01 9.133653544856266265e-03
1.970000000000001705e+01 1.005632506998773226e-02
1.975000000000001776e+01 9.850754138995932579e-03
1.980000000000001847e+01 9.586475391221451620e-03
1.985000000000001563e+01 9.418596979522774956e-03
1.990000000000001634e+01 8.733067644044772981e-03
1.995000000000001705e+01 8.879489594896464513e-03
2.000000000000001776e+01 9.702559010094681524e-03
