x extracted_lubricated
1.000000000000000000e+00 7.119418598185920377e-01
1.050000000000000044e+00 7.084038349899715037e-01
1.100000000000000089e+00 7.047666691742544565e-01
1.150000000000000133e+00 7.010518635639213514e-01
1.200000000000000178e+00 6.972821210229420696e-01
1.250000000000000222e+00 6.934809252261620038e-01
1.300000000000000266e+00 6.896720883222907661e-01
1.350000000000000311e+00 6.858792802429294344e-01
1.400000000000000355e+00 6.821255535682259064e-01
1.450000000000000400e+00 6.784328781928493646e-01
1.500000000000000444e+00 6.748216998659783972e-01
1.550000000000000488e+00 6.713105359751783130e-01
1.600000000000000533e+00 6.679156207017398206e-01
1.650000000000000577e+00 6.646506099193010275e-01
1.700000000000000622e+00 6.615263539997983111e-01
1.750000000000000666e+00 6.585507441256853722e-01
1.800000000000000711e+00 6.557286349121023150e-01
1.850000000000000755e+00 6.530618432653872985e-01
1.900000000000000799e+00 6.505492206059613203e-01
1.950000000000000844e+00 6.481867930205007511e-01
2.000000000000000888e+00 6.459679617210500879e-01
2.050000000000000711e+00 6.438837544874902452e-01
2.100000000000000977e+00 6.419231176256066096e-01
2.150000000000001243e+00 6.400732374137965142e-01
2.200000000000001066e+00 6.383198800192687594e-01
2.250000000000000888e+00 6.366477393847582711e-01
2.300000000000001155e+00 6.350407835305242887e-01
2.350000000000001421e+00 6.334825909765187113e-01
2.400000000000001243e+00 6.319566704492867171e-01
2.450000000000001066e+00 6.304467585802315810e-01
2.500000000000001332e+00 6.289370918227952245e-01
2.550000000000001599e+00 6.274126502261661020e-01
2.600000000000001421e+00 6.258593719360113772e-01
2.650000000000001243e+00 6.242643383040044069e-01
2.700000000000001510e+00 6.226159302554729047e-01
2.750000000000001776e+00 6.209039570861977220e-01
2.800000000000001599e+00 6.191197591506069076e-01
2.850000000000001421e+00 6.172562859921176814e-01
2.900000000000001688e+00 6.153081513898873700e-01
2.950000000000001954e+00 6.132716665976194470e-01
3.000000000000001776e+00 6.111448527747553872e-01
3.050000000000001599e+00 6.089274333027552277e-01
3.100000000000001865e+00 6.066208063809112039e-01
3.150000000000002132e+00 6.042279980440081744e-01
3.200000000000001954e+00 6.017535955684580884e-01
3.250000000000001776e+00 5.992036611580356942e-01
3.300000000000002043e+00 5.965856258402290058e-01
3.350000000000002309e+00 5.939081636677030485e-01
3.400000000000002132e+00 5.911810466055453794e-01
3.450000000000001954e+00 5.884149808858396558e-01
3.500000000000002220e+00 5.856214261106938990e-01
3.550000000000002487e+00 5.828123989603534172e-01
3.600000000000002309e+00 5.800002639851219444e-01
3.650000000000002132e+00 5.771975145947079167e-01
3.700000000000002398e+00 5.744165479679669284e-01
3.750000000000002665e+00 5.716694381504654476e-01
3.800000000000002487e+00 5.689677120468068505e-01
3.850000000000002309e+00 5.663221333130847857e-01
3.900000000000002576e+00 5.637424992799588974e-01
3.950000000000002842e+00 5.612374559661815754e-01
4.000000000000002665e+00 5.588143359622285145e-01
4.050000000000002487e+00 5.564790234742564845e-01
4.100000000000003197e+00 5.542358501321582587e-01
4.150000000000003020e+00 5.520875243087834949e-01
4.200000000000002842e+00 5.500350957086361792e-01
4.250000000000002665e+00 5.480779559119146604e-01
4.300000000000002487e+00 5.462138744581679362e-01
4.350000000000003197e+00 5.444390689800390204e-01
4.400000000000003020e+00 5.427483069056470155e-01
4.450000000000002842e+00 5.411350353868015217e-01
4.500000000000003553e+00 5.395915354163279831e-01
4.550000000000003375e+00 5.381090955975821322e-01
4.600000000000003197e+00 5.366782007328464443e-01
4.650000000000003020e+00 5.352887303030741117e-01
4.700000000000002842e+00 5.339301620037958385e-01
4.750000000000003553e+00 5.325917757554646803e-01
4.800000000000003375e+00 5.312628539890699164e-01
4.850000000000003197e+00 5.299328744828063487e-01
4.900000000000003908e+00 5.285916925555126378e-01
4.950000000000003730e+00 5.272297099729963410e-01
5.000000000000003553e+00 5.258380284628475509e-01
5.050000000000003375e+00 5.244085862377345642e-01
5.100000000000003197e+00 5.229342763774944558e-01
5.150000000000003908e+00 5.214090463068676851e-01
5.200000000000003730e+00 5.198279779227445996e-01
5.250000000000003553e+00 5.181873481754398769e-01
5.300000000000004263e+00 5.164846700983357630e-01
5.350000000000004086e+00 5.147187144210240151e-01
5.400000000000003908e+00 5.128895120049313805e-01
5.450000000000003730e+00 5.109983374226885200e-01
5.500000000000003553e+00 5.090476740801207489e-01
5.550000000000004263e+00 5.070411613566119247e-01
5.600000000000004086e+00 5.049835243523492778e-01
5.650000000000003908e+00 5.028804869534130306e-01
5.700000000000004619e+00 5.007386691005365487e-01
5.750000000000004441e+00 4.985654693542765359e-01
5.800000000000004263e+00 4.963689340973164721e-01
5.850000000000004086e+00 4.941576149966389053e-01
5.900000000000003908e+00 4.919404166557074243e-01
5.950000000000004619e+00 4.897264367064975699e-01
6.000000000000004441e+00 4.875248009072905564e-01
6.050000000000004263e+00 4.853444961059151797e-01
6.100000000000004974e+00 4.831942041787171127e-01
6.150000000000004796e+00 4.810821402428421267e-01
6.200000000000004619e+00 4.790158985432194649e-01
6.250000000000004441e+00 4.770023094194619229e-01
6.300000000000004263e+00 4.750473106487977937e-01
6.350000000000004974e+00 4.731558362322068056e-01
6.400000000000004796e+00 4.713317253422015796e-01
6.450000000000004619e+00 4.695776536890017283e-01
6.500000000000005329e+00 4.678950890022965936e-01
6.550000000000005151e+00 4.662842716896682393e-01
6.600000000000004974e+00 4.647442210475147828e-01
6.650000000000004796e+00 4.632727666963042390e-01
6.700000000000004619e+00 4.618666042225104129e-01
6.750000000000005329e+00 4.605213733650072583e-01
6.800000000000005151e+00 4.592317565135752289e-01
6.850000000000004974e+00 4.579915948135078740e-01
6.900000000000005684e+00 4.567940188099545717e-01
6.950000000000005507e+00 4.556315903274315571e-01
7.000000000000005329e+00 4.544964521644684341e-01
7.050000000000005151e+00 4.533804821849739541e-01
7.100000000000004974e+00 4.522754484941034492e-01
7.150000000000005684e+00 4.511731625807536838e-01
7.200000000000005507e+00 4.500656275712631715e-01
7.250000000000005329e+00 4.489451790493009797e-01
7.300000000000006040e+00 4.478046162345850623e-01
7.350000000000005862e+00 4.466373216596372098e-01
7.400000000000005684e+00 4.454373678241074219e-01
7.450000000000005507e+00 4.441996096274715700e-01
7.500000000000005329e+00 4.429197616753628441e-01
7.550000000000006040e+00 4.415944598176544389e-01
7.600000000000005862e+00 4.402213065066531983e-01
7.650000000000005684e+00 4.387988997631723231e-01
7.700000000000006395e+00 4.373268457116061270e-01
7.750000000000006217e+00 4.358057547982210345e-01
7.800000000000006040e+00 4.342372219469937678e-01
7.850000000000005862e+00 4.326237910424676203e-01
7.900000000000005684e+00 4.309689042658266800e-01
7.950000000000006395e+00 4.292768369560885922e-01
8.000000000000007105e+00 4.275526188269678785e-01
8.050000000000006040e+00 4.258019425456773255e-01
8.100000000000006750e+00 4.240310608728557473e-01
8.150000000000005684e+00 4.222466737714120066e-01
8.200000000000006395e+00 4.204558071127184604e-01
8.250000000000007105e+00 4.186656848315927215e-01
8.300000000000006040e+00 4.168835966069815990e-01
8.350000000000006750e+00 4.151167633380454247e-01
8.400000000000005684e+00 4.133722028721984465e-01
8.450000000000006395e+00 4.116565985659788041e-01
8.500000000000007105e+00 4.099761733342837666e-01
8.550000000000007816e+00 4.083365718549089585e-01
8.600000000000006750e+00 4.067427535224112378e-01
8.650000000000005684e+00 4.051988985865687676e-01
8.700000000000006395e+00 4.037083296785530240e-01
8.750000000000007105e+00 4.022734505920239068e-01
8.800000000000007816e+00 4.008957037959775538e-01
8.850000000000006750e+00 3.995755476905801240e-01
8.900000000000007461e+00 3.983124541126087381e-01
8.950000000000006395e+00 3.971049260679637705e-01
9.000000000000007105e+00 3.959505351383338367e-01
9.050000000000007816e+00 3.948459775005459527e-01
9.100000000000006750e+00 3.937871470320353229e-01
9.150000000000007461e+00 3.927692235723658221e-01
9.200000000000006395e+00 3.917867740838171797e-01
9.250000000000007105e+00 3.908338642127326401e-01
9.300000000000007816e+00 3.899041776022257877e-01
9.350000000000006750e+00 3.889911402444631849e-01
9.400000000000007461e+00 3.880880471819816990e-01
9.450000000000008171e+00 3.871881889620329975e-01
9.500000000000007105e+00 3.862849754040866834e-01
9.550000000000007816e+00 3.853720544441612272e-01
9.600000000000008527e+00 3.844434240561270255e-01
9.650000000000007461e+00 3.834935355062565332e-01
9.700000000000008171e+00 3.825173864601603135e-01
9.750000000000007105e+00 3.815106027211319639e-01
9.800000000000007816e+00 3.804695076277704313e-01
9.850000000000008527e+00 3.793911783710113284e-01
9.900000000000007461e+00 3.782734887046342864e-01
9.950000000000008171e+00 3.771151377166457874e-01
1.000000000000000711e+01 3.759156645054625434e-01
1.005000000000000782e+01 3.746754487652051435e-01
1.010000000000000853e+01 3.733956974345281066e-01
1.015000000000000746e+01 3.720784177067585352e-01
1.020000000000000817e+01 3.707263768408097793e-01
1.025000000000000888e+01 3.693430493565452166e-01
1.030000000000000782e+01 3.679325523485644234e-01
1.035000000000000853e+01 3.664995698107362809e-01
1.040000000000000924e+01 3.650492670313993937e-01
1.045000000000000817e+01 3.635871962944126623e-01
1.050000000000000888e+01 3.621191953018315646e-01
1.055000000000000782e+01 3.606512799144124815e-01
1.060000000000000853e+01 3.591895329802062831e-01
1.065000000000000924e+01 3.577399911805930199e-01
1.070000000000000817e+01 3.563085319576785870e-01
1.075000000000000888e+01 3.549007626869921106e-01
1.080000000000000782e+01 3.535219143149095911e-01
1.085000000000000853e+01 3.521767416815190233e-01
1.090000000000000924e+01 3.508694326897768279e-01
1.095000000000000817e+01 3.496035283551887085e-01
1.100000000000000888e+01 3.483818555757852153e-01
1.105000000000000959e+01 3.472064742008340033e-01
1.110000000000000853e+01 3.460786396557287703e-01
1.115000000000000924e+01 3.449987820082429657e-01
1.120000000000000995e+01 3.439665019520903866e-01
1.125000000000000888e+01 3.429805837530636725e-01
1.130000000000000959e+01 3.420390247684521601e-01
1.135000000000000853e+01 3.411390807299606309e-01
1.140000000000000924e+01 3.402773255913287831e-01
1.145000000000000995e+01 3.394497243996336122e-01
1.150000000000000888e+01 3.386517173651596435e-01
1.155000000000000959e+01 3.378783130885800179e-01
1.160000000000000853e+01 3.371241887590426534e-01
1.165000000000000924e+01 3.363837950637404983e-01
1.170000000000000995e+01 3.356514635449286965e-01
1.175000000000000888e+01 3.349215141973604370e-01
1.180000000000000959e+01 3.341883612089900923e-01
1.185000000000001030e+01 3.334466148999532531e-01
1.190000000000000924e+01 3.326911780981148259e-01
1.195000000000000995e+01 3.319173353933442261e-01
1.200000000000001066e+01 3.311208339267530665e-01
1.205000000000000959e+01 3.302979545875646128e-01
1.210000000000001030e+01 3.294455727014473645e-01
1.215000000000000924e+01 3.285612074965080232e-01
1.220000000000000995e+01 3.276430598224338575e-01
1.225000000000001066e+01 3.266900377745436401e-01
1.230000000000000959e+01 3.257017700376556579e-01
1.235000000000001030e+01 3.246786069165908950e-01
1.240000000000000924e+01 3.236216091635878978e-01
1.245000000000000995e+01 3.225325248504467002e-01
1.250000000000001066e+01 3.214137546691995251e-01
1.255000000000000959e+01 3.202683061814775023e-01
1.260000000000001030e+01 3.190997376763506366e-01
1.265000000000001101e+01 3.179120924413633698e-01
1.270000000000000995e+01 3.167098244009825536e-01
1.275000000000001066e+01 3.154977162310332317e-01
1.280000000000001137e+01 3.142807912131461157e-01
1.285000000000001030e+01 3.130642202470007018e-01
1.290000000000001101e+01 3.118532255834962630e-01
1.295000000000000995e+01 3.106529829729494097e-01
1.300000000000001066e+01 3.094685240310913743e-01
1.305000000000001137e+01 3.083046407032997149e-01
1.310000000000001030e+01 3.071657937469238764e-01
1.315000000000001101e+01 3.060560271441729041e-01
1.320000000000000995e+01 3.049788902992014439e-01
1.325000000000001066e+01 3.039373697572932409e-01
1.330000000000001137e+01 3.029338320119302486e-01
1.335000000000001030e+01 3.019699787373719690e-01
1.340000000000001101e+01 3.010468155062555606e-01
1.345000000000001172e+01 3.001646347319212316e-01
1.350000000000001066e+01 2.993230132242910013e-01
1.355000000000001137e+01 2.985208243803322836e-01
1.360000000000001208e+01 2.977562646594171247e-01
1.365000000000001101e+01 2.970268936358919643e-01
1.370000000000001172e+01 2.963296865895818089e-01
1.375000000000001066e+01 2.956610983031626172e-01
1.380000000000001137e+01 2.950171364927364204e-01
1.385000000000001208e+01 2.943934431120656114e-01
1.390000000000001101e+01 2.937853816454463196e-01
1.395000000000001172e+01 2.931881284392155451e-01
1.400000000000001066e+01 2.925967661144268095e-01
1.405000000000001137e+01 2.920063771489114224e-01
1.410000000000001208e+01 2.914121358065394074e-01
1.415000000000001101e+01 2.908093967185291229e-01
1.420000000000001172e+01 2.901937785754976629e-01
1.425000000000001243e+01 2.895612415608941337e-01
1.430000000000001137e+01 2.889081573394208236e-01
1.435000000000001208e+01 2.882313705990703356e-01
1.440000000000001279e+01 2.875282513289480479e-01
1.445000000000001172e+01 2.867967371910561392e-01
1.450000000000001243e+01 2.860353655120448368e-01
1.455000000000001137e+01 2.852432945779930229e-01
1.460000000000001208e+01 2.844203140628825954e-01
1.465000000000001279e+01 2.835668445603365950e-01
1.470000000000001172e+01 2.826839263203135832e-01
1.475000000000001243e+01 2.817731974206522105e-01
1.480000000000001137e+01 2.808368617294739744e-01
1.485000000000001208e+01 2.798776471413843003e-01
1.490000000000001279e+01 2.788987546994483036e-01
1.495000000000001172e+01 2.779037993473700840e-01
1.500000000000001243e+01 2.768967431921005584e-01
1.505000000000001315e+01 2.758818222949589449e-01
1.510000000000001208e+01 2.748634681469337426e-01
1.515000000000001279e+01 2.738462251178257478e-01
1.520000000000001350e+01 2.728346652931844529e-01
1.525000000000001243e+01 2.718333022234419860e-01
1.530000000000001315e+01 2.708465051975531557e-01
1.535000000000001208e+01 2.698784157134193618e-01
1.540000000000001279e+01 2.689328678414760199e-01
1.545000000000001350e+01 2.680133141606088065e-01
1.550000000000001243e+01 2.671227588817304821e-01
1.555000000000001315e+01 2.662636996615730944e-01
1.560000000000001208e+01 2.654380794466173477e-01
1.565000000000001279e+01 2.646472494770159556e-01
1.570000000000001350e+01 2.638919443280757227e-01
1.575000000000001243e+01 2.631722695798431322e-01
1.580000000000001315e+01 2.624877023935561215e-01
1.585000000000001386e+01 2.618371049502060677e-01
1.590000000000001279e+01 2.612187503819451417e-01
1.595000000000001350e+01 2.606303605170566806e-01
1.600000000000001421e+01 2.600691544736543070e-01
1.605000000000001137e+01 2.595319068883312208e-01
1.610000000000001563e+01 2.590150143615808642e-01
1.615000000000001279e+01 2.585145685465718435e-01
1.620000000000001350e+01 2.580264342065706207e-01
1.625000000000001421e+01 2.575463305164643613e-01
1.630000000000001137e+01 2.570699138842072462e-01
1.635000000000001563e+01 2.565928606132071854e-01
1.640000000000001279e+01 2.561109478095504044e-01
1.645000000000001350e+01 2.556201310525833548e-01
1.650000000000001421e+01 2.551166174832832367e-01
1.655000000000001137e+01 2.545969331178482009e-01
1.660000000000001563e+01 2.540579833539755583e-01
1.665000000000001279e+01 2.534971058005597855e-01
1.670000000000001350e+01 2.529121147223380439e-01
1.675000000000001421e+01 2.523013365468738112e-01
1.680000000000001492e+01 2.516636360291096830e-01
1.685000000000001563e+01 2.509984328090132943e-01
1.690000000000001279e+01 2.503057082302647673e-01
1.695000000000001350e+01 2.495860024130902577e-01
1.700000000000001421e+01 2.488404016954093301e-01
1.705000000000001492e+01 2.480705166735776845e-01
1.710000000000001563e+01 2.472784511906365446e-01
1.715000000000001279e+01 2.464667627372433278e-01
1.720000000000001350e+01 2.456384148494282771e-01
1.725000000000001421e+01 2.447967222091950446e-01
1.730000000000001492e+01 2.439452892779127580e-01
1.735000000000001563e+01 2.430879434170085118e-01
1.740000000000001279e+01 2.422286635737763427e-01
1.745000000000001350e+01 2.413715057275950537e-01
1.750000000000001421e+01 2.405205263998373422e-01
1.755000000000001492e+01 2.396797056229812151e-01
1.760000000000001563e+01 2.388528708353344632e-01
1.765000000000001634e+01 2.380436232110405836e-01
1.770000000000001350e+01 2.372552679445416590e-01
1.775000000000001421e+01 2.364907499799403234e-01
1.780000000000001492e+01 2.357525966040724952e-01
1.785000000000001563e+01 2.350428682069335973e-01
1.790000000000001634e+01 2.343631183533663731e-01
1.795000000000001350e+01 2.337143641097625124e-01
1.800000000000001421e+01 2.330970673329059162e-01
1.805000000000001492e+01 2.325111273640943776e-01
1.810000000000001563e+01 2.319558852880959643e-01
1.815000000000001634e+01 2.314301396262788135e-01
1.820000000000001705e+01 2.309321730459947541e-01
1.825000000000001421e+01 2.304597893970239397e-01
1.830000000000001492e+01 2.300103601397970043e-01
1.835000000000001563e+01 2.295808790191057047e-01
1.840000000000001634e+01 2.291680236671544690e-01
1.845000000000001705e+01 2.287682226953018927e-01
1.850000000000001421e+01 2.283777267566721725e-01
1.855000000000001492e+01 2.279926820307643376e-01
1.860000000000001563e+01 2.276092045933596486e-01
1.865000000000001634e+01 2.272234541847529266e-01
1.870000000000001705e+01 2.268317059725154794e-01
1.875000000000001421e+01 2.264304190120969562e-01
1.880000000000001492e+01 2.260163002350943362e-01
1.885000000000001563e+01 2.255863629332081899e-01
1.890000000000001634e+01 2.251379788503613533e-01
1.895000000000001705e+01 2.246689231405970266e-01
1.900000000000001421e+01 2.241774115930537381e-01
1.905000000000001492e+01 2.236621296629523470e-01
1.910000000000001563e+01 2.231222529794149312e-01
1.915000000000001634e+01 2.225574591257848400e-01
1.920000000000001705e+01 2.219679306064714919e-01
1.925000000000001776e+01 2.213543490279634984e-01
1.930000000000001492e+01 2.207178806309255947e-01
1.935000000000001563e+01 2.200601534180849084e-01
1.940000000000001634e+01 2.193832262301843861e-01
1.945000000000001705e+01 2.186895502301959004e-01
1.950000000000001776e+01 2.179819233668189027e-01
1.955000000000001492e+01 2.172634385003030799e-01
1.960000000000001563e+01 2.165374259875397778e-01
1.965000000000001634e+01 2.158073916367829193e-01
1.970000000000001705e+01 2.150769510528805217e-01
1.975000000000001776e+01 2.143497614977176446e-01
1.980000000000001847e+01 2.136294524833041997e-01
1.985000000000001563e+01 2.129195563916827239e-01
1.990000000000001634e+01 2.122234404701523192e-01
1.995000000000001705e+01 2.115442415777621377e-01
2.000000000000001776e+01 2.108848050539794960e-01
