# tau_total W_out Q_meas
7.500000000000000000e+00 2.945977828043406799e-01 -3.875536616000433976e-01
7.574999999999999289e+00 2.952995622282807986e-01 -6.091866970219487198e-01
7.649999999999999467e+00 2.962869621882726623e-01 -1.351013024874865692e-08
7.724999999999999645e+00 2.955264591798344442e-01 -1.462644538702834664e-08
7.799999999999998934e+00 2.948859472709911556e-01 -1.513521489486544531e-08
7.874999999999998224e+00 2.950891804018860309e-01 -1.474419589773883640e-08
7.949999999999998401e+00 2.951126093918094995e-01 -1.554366995252625584e-08
8.024999999999998579e+00 2.959320596550031324e-01 -1.541387107371125899e-08
8.099999999999997868e+00 2.967977362458549262e-01 -6.092307339449445358e-01
8.174999999999997158e+00 2.961212260609452640e-01 -1.583586740097153131e-08
8.249999999999996447e+00 2.955436993010636115e-01 -1.635417415102932088e-08
8.324999999999997513e+00 2.957199258928949748e-01 -1.597616572011964487e-08
8.399999999999996803e+00 2.957484982339493307e-01 -6.091892054563751158e-01
8.474999999999996092e+00 2.964722792576817145e-01 -6.092436159872332002e-01
8.549999999999997158e+00 2.972438014108471638e-01 -1.597329266731080074e-08
8.624999999999996447e+00 2.966251773120037738e-01 -1.711234308836141971e-08
8.699999999999995737e+00 2.961018571296759605e-01 -1.764378556486844181e-08
8.774999999999995026e+00 2.962559367805075450e-01 -1.727488731946767551e-08
8.849999999999994316e+00 2.962649231909051384e-01 -6.092330328388606553e-01
8.924999999999995381e+00 2.969192002632096150e-01 -1.799258533545233525e-08
8.999999999999994671e+00 2.976180076692145349e-01 -1.730992001155460321e-08
9.074999999999993960e+00 2.970559127440334235e-01 -1.845764295569477133e-08
9.149999999999995026e+00 2.965795670824868946e-01 -1.900021359245801863e-08
9.224999999999994316e+00 2.967152853350896180e-01 -1.864344563920840075e-08
9.299999999999993605e+00 2.968793039760591057e-01 -3.875623957432324240e-01
9.374999999999992895e+00 2.973094121614749952e-01 -1.938262512027629473e-08
9.449999999999992184e+00 2.979399244505316346e-01 -1.871288756114765828e-08
9.524999999999993250e+00 2.974269644203635377e-01 -1.987401532481922645e-08
9.599999999999992539e+00 2.972497102329231256e-01 -3.875303873484999273e-01
9.674999999999991829e+00 2.971119293798506478e-01 -2.007866540729159036e-08
9.749999999999992895e+00 2.971137577290933196e-01 -2.092700020680456253e-08
9.824999999999992184e+00 2.977510138068650836e-01 -3.875658804909541955e-01
9.899999999999991473e+00 2.982304204657216795e-01 -6.091494084779339735e-01
9.974999999999990763e+00 2.977488752982253573e-01 -2.135330246593390138e-08
1.004999999999999005e+01 2.973494288806896035e-01 -2.191613604572774816e-08
1.012499999999999112e+01 2.974567876897575847e-01 -2.158528740461877142e-08
1.019999999999999041e+01 2.974560254917193447e-01 -2.244076351178974369e-08
1.027499999999998970e+01 2.979413654724415439e-01 -2.236730799236101677e-08
1.034999999999999076e+01 2.984640102280193830e-01 -6.092546399256520973e-01
1.042499999999999005e+01 2.981471147241304687e-01 -3.875637576561316577e-01
1.049999999999998934e+01 2.976622008594560498e-01 -2.347740036713884823e-08
1.057499999999998863e+01 2.977585010528898124e-01 -2.315765268328640026e-08
1.064999999999998792e+01 2.977579263129902509e-01 -1.218491054103287397e+00
1.072499999999998899e+01 2.981992790643327451e-01 -2.396220784444433143e-08
1.079999999999998828e+01 2.986756162398548353e-01 -2.332735392550278530e-08
1.087499999999998757e+01 2.982768392447853190e-01 -2.452290068542413833e-08
1.094999999999998863e+01 2.979434162341414449e-01 -6.092543082790758957e-01
1.102499999999998792e+01 2.980239798659221062e-01 -2.479755046179131527e-08
1.109999999999998721e+01 2.980197365526056075e-01 -2.567838857046523317e-08
1.117499999999998650e+01 2.984337533447026791e-01 -6.092411013681603427e-01
1.124999999999998579e+01 2.988639430543040820e-01 -2.499965286492628709e-08
1.132499999999998685e+01 2.984988556421319661e-01 -6.092160030523687819e-01
1.139999999999998614e+01 2.982160611466226907e-01 -6.092418223467124250e-01
1.147499999999998543e+01 2.982865638554640375e-01 -1.218511552277197207e+00
1.154999999999998650e+01 2.982534200849241701e-01 -2.739554677369650064e-08
1.162499999999998579e+01 2.986272109306851164e-01 -6.092439968300701336e-01
1.169999999999998508e+01 2.990309304600754503e-01 -2.674441202235643220e-08
1.177499999999998437e+01 2.987122181537501531e-01 -3.875310879504940131e-01
1.184999999999998366e+01 2.983964176908751043e-01 -6.092395240801233847e-01
1.192499999999998472e+01 2.984675189670030759e-01 -2.828118312778195016e-08
1.199999999999998401e+01 2.985196029709129562e-01 -3.875664475992027791e-01
1.207499999999998508e+01 2.988072959602978695e-01 -2.915145021038385831e-08
1.214999999999998437e+01 2.991983765429311326e-01 -1.218413875458627782e+00
1.222499999999998188e+01 2.988608221943388488e-01 -2.978367068482737324e-08
1.229999999999998295e+01 2.985921930335665442e-01 -6.092573159774575808e-01
1.237499999999998401e+01 2.986494469873379742e-01 -6.092439342741996500e-01
1.244999999999998153e+01 2.986542699721519423e-01 -1.218496366445961154e+00
1.252499999999998082e+01 2.989707546268831617e-01 -6.092464697242124805e-01
1.259999999999998188e+01 2.993127704898606023e-01 -3.043081421435685772e-08
1.267499999999998295e+01 2.990171750166923381e-01 -6.092449971735929282e-01
1.274999999999998224e+01 2.987805880812207660e-01 -1.218474989899175132e+00
1.282499999999997975e+01 2.988209087848012757e-01 -3.203630267626564581e-08
1.289999999999998082e+01 2.988575930456189855e-01 -1.218466595478232772e+00
1.297499999999998188e+01 2.991114389636494453e-01 -3.295050513440281336e-08
1.304999999999997939e+01 2.994305138446841097e-01 -6.092527209559213119e-01
1.312499999999997868e+01 2.991540736993646421e-01 -3.362934862235082202e-08
1.319999999999997975e+01 2.989163232323380770e-01 -6.092471111803771100e-01
1.327499999999998082e+01 2.989699870880392352e-01 -1.218516931745914134e+00
1.334999999999998010e+01 2.989635783282926784e-01 -3.495171460477014471e-08
1.342499999999997762e+01 2.992445195314131778e-01 -6.092649671494482222e-01
1.349999999999997868e+01 2.995583209544997461e-01 -1.606069352251024540e+00
1.357499999999997975e+01 2.992846579849706146e-01 -6.092484507824295070e-01
1.364999999999997726e+01 2.990563243276724847e-01 -3.629958776824984191e-08
1.372499999999997655e+01 2.991070270046040092e-01 -3.606429081944954862e-08
1.379999999999997762e+01 2.991058022050859799e-01 -6.092539154806527746e-01
1.387499999999997868e+01 2.993582694039728098e-01 -3.701838207003755818e-08
1.394999999999997797e+01 2.996375908387989284e-01 -3.647028609664856381e-08
1.402499999999997549e+01 2.994633770498883463e-01 -9.968150734148950587e-01
1.409999999999997655e+01 2.991831833357636583e-01 -3.840213049406184800e-08
1.417499999999997762e+01 2.992300727812369221e-01 -3.817695659812952069e-08
1.424999999999997513e+01 2.992823949101085512e-01 -3.875645819286471783e-01
1.432499999999997442e+01 2.994645901355192930e-01 -3.915584172896564906e-08
1.439999999999997549e+01 2.997260896411262365e-01 -3.861666347777393941e-08
1.447499999999997655e+01 2.994981511113358197e-01 -6.092667758347193319e-01
1.454999999999997584e+01 2.992971380512227109e-01 -1.218504668857589124e+00
1.462499999999997335e+01 2.993564096959814291e-01 -1.218496160234163295e+00
1.469999999999997442e+01 2.993348910147237696e-01 -6.092612885406669676e-01
1.477499999999997549e+01 2.995613344584969751e-01 -4.135580812518970428e-08
1.484999999999997300e+01 2.998048659662213566e-01 -6.092588712350056612e-01
1.492499999999997229e+01 2.995894096106911375e-01 -4.212983733940240782e-08
